37.2035009861 20 120.488502502 3.05782723427
35.7427170277 40 119.875610352 2.07847595215
35.250813961 60 88.3209686279 1.94800949097
34.2425091267 80 66.1512374878 1.52119588852
35.5883951187 100 58.3325500488 4.64463043213
35.7899649143 120 57.2578125 1.34313201904
35.7138488293 140 51.7855644226 1.86247897148
35.6800580025 160 40.7825965881 2.10115385056
35.7901749611 180 47.1057929993 0.680277526379
35.4376690388 200 45.0765953064 1.69556963444
37.7778089046 20 125.839584351 2.54158473015
35.7223610878 40 103.751113892 2.43151330948
35.273679018 60 78.0220489502 1.66871130466
35.522274971 80 65.2704162598 1.95313930511
35.5677709579 100 47.1105728149 3.62143087387
35.607530117 120 53.0433273315 1.7321857214
35.3573899269 140 45.6267318726 3.88559222221
35.6612529755 160 48.3654327393 0.796907782555
35.7731719017 180 64.4984893799 0.601227939129
35.4115841389 200 45.5935897827 3.40925550461
38.6826188564 20 111.624404907 2.56978940964
35.8046650887 40 106.253875732 2.58124828339
35.312664032 60 83.465385437 1.91747093201
34.0851831436 80 66.6383361816 1.65551733971
35.8507139683 100 57.8227615356 1.71388888359
35.2808170319 120 58.7464179993 2.81244969368
35.6030440331 140 56.6762008667 1.963793993
35.9768848419 160 60.9860458374 1.33766210079
35.1845259666 180 55.0651168823 1.05484902859
35.6463270187 200 44.6539916992 0.543015301228
37.2124190331 20 102.511322021 3.43971133232
36.1649770737 40 92.560546875 2.36553883553
35.5615520477 60 87.7787780762 3.41047739983
35.4648180008 80 60.3277893066 3.94853210449
35.630948782 100 69.6111297607 1.12691390514
33.9566318989 120 53.9711380005 1.65086138248
35.3640460968 140 54.8728485107 1.46604549885
35.5180411339 160 66.9535522461 0.801927685738
35.4889438152 180 51.2387161255 1.54555571079
35.4427919388 200 36.1317443848 0.563302397728
17.5376799107 20 111.142318726 1.88892841339
16.9257390499 40 92.0517425537 1.98935031891
16.8854942322 60 84.7829971313 1.41464972496
17.3819298744 80 64.1907348633 0.685549497604
30.0049169064 100 53.69140625 0.746417462826
36.5442090034 20 120.069999695 1.47660803795
33.2260580063 120 48.5306015015 1.55990004539
34.8448548317 40 74.1932983398 1.65574908257
34.1389110088 140 36.481464386 0.175976663828
34.4473369122 60 54.8511886597 1.4522292614
34.5267758369 160 42.9456481934 1.07181227207
34.4096670151 80 41.0416946411 0.814039349556
34.3220348358 180 42.2955627441 1.27177429199
34.2309799194 100 42.9747543335 2.56977081299
34.0894730091 200 24.5555229187 0.301863372326
29.8818819523 120 47.968208313 0.216050669551
17.7148292065 140 38.6468772888 0.0816858783364
17.7339048386 160 37.6301498413 0.748471617699
17.2151358128 180 41.6364822388 2.196829319
17.5339648724 200 35.4848060608 0.0463514328003
34.8040788174 20 119.92086792 2.31892347336
32.2838218212 40 94.6551589966 1.40785169601
32.3753650188 60 79.4549407959 1.68767488003
32.4872808456 80 59.0683097839 0.573426008224
32.6396279335 100 58.4310913086 0.483160018921
32.573112011 120 41.1596260071 1.67961883545
32.4332311153 140 38.0631484985 0.132611468434
32.59720397 160 32.6933822632 0.68675583601
32.4466049671 180 26.0836048126 1.79950869083
32.6304500103 200 32.0928153992 0.60458278656
