18.406578064 20 130.638214111 2.46196222305
18.2907660007 40 98.2776107788 2.316614151
18.1962409019 60 79.9902267456 2.76293611526
18.3021140099 80 51.5128898621 1.13278508186
18.4130940437 100 50.1838912964 1.00554871559
18.4454331398 120 59.610660553 0.686910271645
18.3226420879 140 38.9465560913 0.780779540539
18.4191160202 160 39.8746185303 0.208009883761
18.5417900085 180 31.0377006531 0.123673096299
18.5969660282 200 35.6577110291 0.170875832438
20.1133821011 220 42.0449829102 0.405264317989
18.5439269543 240 32.7638244629 0.135145008564
18.6467602253 260 34.159122467 0.00546536454931
18.3293988705 280 30.599363327 0.718209505081
18.3574380875 300 30.5558376312 0.480461597443
18.3293011189 320 15.4586648941 0.252395272255
18.4009349346 340 25.8057422638 0.0962709635496
18.5234460831 360 29.0519733429 0.0476618520916
18.3494491577 380 24.2795257568 0.0197021961212
35.0286929607 400 11.5878677368 5.23640060425
39.1732320786 420 7.04984331131 0.00392236700282
36.105340004 440 9.49458789825 0.102628469467
36.1674461365 460 15.8396997452 0.0789634212852
35.8066420555 480 20.094209671 0.0742299333215
35.8462209702 500 13.2120456696 0.0287882331759
35.8555288315 520 17.3562412262 0.000389194494346
35.8688910007 540 10.5202226639 0.00192894937936
35.6534438133 560 11.9046392441 0.0436716079712
35.6059408188 580 11.1085004807 0.300873994827
35.9193899632 600 14.6030654907 0.00543017406017
38.7853181362 620 13.4925508499 0.00208320608363
36.1044268608 640 11.2485198975 0.0122010232881
35.7959299088 660 13.3817014694 0.0107838632539
35.4883000851 680 10.5028991699 0.0790315642953
35.8149380684 700 11.4498023987 0.038804627955
35.5259051323 720 12.1108932495 3.15475511551
36.0875048637 740 8.50764560699 0.0319347381592
36.56914711 760 11.0395841599 0.0889534503222
35.0966160297 780 12.8770923615 0.0554145798087
35.547604084 800 11.988038063 0.0926702767611
39.2553560734 820 8.89687919617 0.0138720516115
35.5998749733 840 8.50791931152 0.0174509994686
18.6691169739 20 113.957824707 2.70612668991
18.0386481285 40 99.165435791 1.61889481544
18.1606340408 60 74.8419952393 1.38585019112
18.2249009609 80 67.0735092163 0.836611270905
17.9045810699 100 62.7017669678 0.9296220541
18.041821003 120 49.776599884 0.553214728832
18.1919188499 140 52.672454834 0.934202313423
18.0944721699 160 39.6835517883 2.11596727371
18.2063889503 180 23.3537445068 0.278816640377
18.0339481831 200 41.7080307007 0.956214308739
19.7764010429 220 30.5525588989 0.711264491081
18.07102108 240 39.0475463867 0.073728941381
18.0938138962 260 28.0135498047 1.81349718571
18.1147601604 280 24.8779277802 1.07902050018
18.4206149578 300 23.9414348602 1.0817450285
18.1525931358 320 28.4636611938 1.72211909294
18.1545779705 340 27.1097221375 0.0545188896358
18.1790339947 360 17.3734455109 0.0352765545249
18.0587081909 380 20.4499397278 0.0218998901546
18.0552718639 400 16.1414394379 0.0479476451874
20.1373500824 420 14.6381864548 1.1211206913
18.3615779877 440 11.7437057495 0.00301904673688
18.159676075 460 8.56993770599 0.0316196903586
18.0092790127 480 15.8633365631 4.3097410202
18.1383469105 500 13.5811319351 0.000473976135254
18.0213940144 520 13.965221405 0.00152015686035
18.309087038 540 14.6624202728 0.00662221899256
18.1450510025 560 9.22422599792 0.00450034160167
18.1644048691 580 10.8691034317 0.836565971375
18.124956131 600 13.4922113419 1.05607056618
19.882297039 620 12.8098640442 0.0128827095032
18.072576046 640 11.8916034698 0.151460558176
18.2054359913 660 16.7435398102 0.00626935949549
18.3254859447 680 13.3650579453 0.00103082659189
18.0687999725 700 14.1654682159 0.634847044945
18.1137740612 720 14.2351617813 0.0371926799417
18.07188797 740 16.9337940216 0.0119687076658
18.0982909203 760 10.033416748 0.0197182651609
18.3424310684 780 9.42943572998 0.0111158369109
17.8718640804 800 9.63147068024 0.334668815136
20.024089098 820 10.0498228073 0.052652336657
18.3012089729 840 10.5558490753 0.00349597935565
18.2171370983 860 9.59708595276 0.0294641014189
17.9698169231 880 7.41375255585 0.629219055176
18.2216949463 900 13.6307964325 0.182834580541
18.2413830757 920 14.6512203217 0.000137710565468
18.5333299637 940 11.5964756012 0.0132775306702
18.4041440487 960 6.11932611465 0.00371932983398
18.042773962 980 9.78053092957 0.00309805874713
18.2199478149 1000 6.78458547592 0.22999663651
20.1215779781 1020 6.3283457756 0.00227017397992
18.2454659939 1040 5.80515432358 0.0229262355715
18.1292431355 1060 7.55096817017 0.000388431537431
18.3522360325 1080 5.79340076447 0.0201936252415
18.1322660446 1100 6.64800453186 0.012953042984
18.2071540356 1120 11.2886924744 0.00557947158813
18.133204937 1140 8.16126346588 0.00165166857187
18.2870621681 1160 6.67464447021 0.00388031010516
18.2688028812 1180 2.93040561676 0.00140585901681
17.9212398529 1200 6.03882646561 0.316408097744
20.1698691845 1220 5.25251579285 1.2779235476e-05
18.1102290154 1240 7.20295906067 0.0216163154691
18.3068790436 1260 6.95278549194 1.7738342649e-05
18.2162280083 1280 6.44909763336 0.00344333657995
18.2183840275 1300 2.87804222107 0.0293334014714
18.1461720467 1320 9.129114151 0.000252342229942
18.3913769722 1340 12.3210878372 0.00944561976939
18.138313055 1360 6.70535612106 9.76562514552e-05
18.2075681686 1380 5.29201602936 0.00858693104237
18.2393898964 1400 5.68397283554 0.000181961062481
20.0016257763 1420 4.63739681244 0.0287319663912
18.0605578423 1440 6.64859676361 0.0130037786439
18.4983861446 1460 0.684103131294 0.000150394436787
18.2464790344 1480 3.36074638367 0.86663132906
18.3628981113 1500 3.00746679306 0.0211790092289
18.3029270172 1520 9.70251083374 0.671620905399
18.1276590824 1540 5.02993249893 0.571557283401
18.1962370872 1560 7.65304470062 5.2595140005e-05
18.2369849682 1580 7.39670848846 0.399074852467
17.9176969528 1600 7.84307575226 0.000106048581074
20.2239699364 1620 7.67092418671 1.66893005371e-05
18.441163063 1640 6.59532213211 0.102597236633
18.1676530838 1660 5.16283559799 0.00215830793604
18.2794020176 1680 10.9595661163 0.0216296669096
18.2578129768 1700 4.48069763184 0.0169192310423
