37.2035009861 20 120.488502502 3.05782723427
35.7427170277 40 119.875610352 2.07847595215
35.250813961 60 88.3209686279 1.94800949097
34.2425091267 80 66.1512374878 1.52119588852
35.5883951187 100 58.3325500488 4.64463043213
35.7899649143 120 57.2578125 1.34313201904
35.7138488293 140 51.7855644226 1.86247897148
35.6800580025 160 40.7825965881 2.10115385056
35.7901749611 180 47.1057929993 0.680277526379
35.4376690388 200 45.0765953064 1.69556963444
37.7778089046 20 125.839584351 2.54158473015
35.7223610878 40 103.751113892 2.43151330948
35.273679018 60 78.0220489502 1.66871130466
35.522274971 80 65.2704162598 1.95313930511
35.5677709579 100 47.1105728149 3.62143087387
35.607530117 120 53.0433273315 1.7321857214
35.3573899269 140 45.6267318726 3.88559222221
35.6612529755 160 48.3654327393 0.796907782555
35.7731719017 180 64.4984893799 0.601227939129
35.4115841389 200 45.5935897827 3.40925550461
38.6826188564 20 111.624404907 2.56978940964
35.8046650887 40 106.253875732 2.58124828339
35.312664032 60 83.465385437 1.91747093201
34.0851831436 80 66.6383361816 1.65551733971
35.8507139683 100 57.8227615356 1.71388888359
35.2808170319 120 58.7464179993 2.81244969368
35.6030440331 140 56.6762008667 1.963793993
35.9768848419 160 60.9860458374 1.33766210079
35.1845259666 180 55.0651168823 1.05484902859
35.6463270187 200 44.6539916992 0.543015301228
37.2124190331 20 102.511322021 3.43971133232
36.1649770737 40 92.560546875 2.36553883553
35.5615520477 60 87.7787780762 3.41047739983
35.4648180008 80 60.3277893066 3.94853210449
35.630948782 100 69.6111297607 1.12691390514
33.9566318989 120 53.9711380005 1.65086138248
35.3640460968 140 54.8728485107 1.46604549885
35.5180411339 160 66.9535522461 0.801927685738
35.4889438152 180 51.2387161255 1.54555571079
35.4427919388 200 36.1317443848 0.563302397728
18.8252959251 20 121.638267517 3.41994166374
18.1089801788 40 95.1775436401 2.70995664597
17.9135320187 60 98.5196838379 1.48355424404
18.0235910416 80 89.9397583008 2.39272642136
18.1829330921 100 51.4005355835 2.43383526802
18.1575899124 120 52.5200462341 1.87992727757
18.2338171005 140 27.6910095215 3.00113534927
18.112308979 160 39.2167358398 1.26724839211
18.3982391357 180 45.3948822021 1.35191690922
18.137029171 200 26.8828353882 1.10969674587
18.7028899193 20 122.149101257 3.31440877914
18.1013979912 40 110.787101746 2.49477934837
18.1844620705 60 93.51953125 2.72095227242
18.0200059414 80 81.5515289307 1.42431426048
18.1392641068 100 90.9026184082 1.57019042969
18.2345190048 120 56.7037773132 1.3955835104
18.1282429695 140 55.9935874939 0.990505218506
18.2086730003 160 58.7019729614 0.92011910677
18.1930849552 180 42.3040924072 1.44130194187
17.970911026 200 38.4390220642 1.70179021358
18.4719049931 20 111.343276978 3.16458725929
18.235560894 40 105.149009705 2.64242196083
17.9331488609 60 95.494720459 1.55175948143
18.1175889969 80 78.6892547607 2.14802074432
18.0429499149 100 76.1949310303 1.51545488834
18.1815609932 120 68.9142456055 0.859976410866
18.2833302021 140 61.6271972656 2.178835392
17.9848520756 160 41.5164337158 2.6371576786
18.3552918434 180 51.9937782288 1.27178215981
18.2503600121 200 52.9543838501 0.301600694656
19.9082558155 220 58.2225799561 0.720104396343
17.9421470165 240 44.4924926758 0.331703096628
18.1891658306 260 50.8706016541 1.23235869408
18.6188840866 20 122.975341797 3.13940882683
18.3224718571 40 104.465515137 1.94534993172
18.0560188293 60 94.4185791016 1.85280704498
18.2256038189 80 86.4876708984 2.06319117546
18.3763329983 100 64.4615478516 2.59981870651
18.1625730991 120 57.8154411316 1.62103962898
18.2618298531 140 63.0419273376 3.30263590813
17.9092698097 160 55.8601379395 2.44455456734
18.1128380299 180 64.2129821777 1.27270948887
18.2136700153 200 49.2911300659 1.12176609039
19.9974110126 220 60.1220550537 2.65834951401
18.1979169846 240 49.0996398926 1.36629331112
18.1655910015 260 40.9253997803 0.839311003685
18.2971081734 280 50.0451507568 0.924314677715
17.9995100498 300 41.6887702942 0.232618898153
18.0832529068 320 40.438167572 0.872222542763
18.1517701149 340 33.1822166443 0.391061216593
18.1206400394 360 41.764125824 0.12928982079
18.1955990791 380 22.0975723267 0.133885622025
17.7319469452 400 30.5697860718 0.931442260742
20.1127719879 420 28.1461906433 0.38839673996
18.3350920677 440 26.6881980896 0.101887367666
18.2261369228 460 29.7813587189 0.0621674060822
18.0641040802 480 26.8133964539 0.650741577148
18.2772600651 500 22.1947937012 0.0419522300363
18.0702769756 520 23.5271339417 0.00592064857483
18.1223671436 540 19.6054267883 0.0060895443894
18.1346769333 560 20.9115791321 0.00885281525552
18.0557971001 580 8.30169296265 0.0226040370762
18.3172390461 600 13.9730434418 1.71866774559
19.8628389835 620 17.344373703 1.61430740356
18.2896120548 640 11.5190505981 0.147231295705
18.0240449905 660 12.8677139282 0.00676803570241
18.2815508842 680 11.8075580597 0.103322461247
18.0693118572 700 13.0469760895 0.373101770878
18.3204510212 720 8.84124946594 0.031339596957
18.1933321953 740 12.512878418 0.131224006414
18.1183409691 760 10.7111520767 0.134991690516
18.191298008 780 11.6690654755 0.00188312528189
17.9270381927 800 12.689704895 0.212740808725
20.0962200165 820 14.6164112091 0.102248288691
18.0983610153 840 5.60856389999 0.00278916349635
18.276517868 860 10.2460603714 0.158511206508
18.0240769386 880 9.72026348114 0.77373367548
18.2119121552 900 11.1469287872 0.000504970550537
18.229020834 920 11.165184021 0.000269031530479
17.9568719864 940 10.9302854538 0.255084842443
18.1971609592 960 9.99780273438 0.0160927772522
18.3027210236 980 7.19873285294 0.00600800523534
18.2240540981 1000 6.93015289307 0.0112141612917
19.9319269657 1020 9.8857088089 0.00561923999339
18.1928122044 1040 7.87843227386 0.00312767038122
17.906441927 1060 9.83375930786 0.00281677255407
18.3376181126 1080 8.43631458282 0.0116251464933
18.3162660599 1100 6.3618888855 0.111671350896
18.1021881104 1120 5.6811914444 0.440218597651
18.2725658417 1140 6.11104345322 0.0346329212189
18.2185280323 1160 11.0649337769 0.00718998908997
17.9662249088 1180 11.0361032486 0.0106573104858
18.0250070095 1200 8.18724060059 0.124388024211
19.993778944 1220 7.98706150055 0.0498006343842
18.0643179417 1240 6.52561044693 0.0450094714761
18.1585681438 1260 6.51691436768 0.0139211658388
18.2385399342 1280 6.3265171051 0.000136756891152
18.0184111595 1300 5.43686962128 0.00262031564489
18.352809906 1320 8.4213142395 0.0516412258148
18.3253149986 1340 10.2818756104 0.187254577875
17.9739918709 1360 6.5328412056 0.00411701202393
18.244838953 1380 8.68586063385 1.70862996578
18.0345430374 1400 10.4367961884 0.00191435811576
19.9393839836 1420 6.35728693008 0.0207432266325
18.1959400177 1440 7.52285480499 0.0109683992341
18.254778862 1460 4.69937181473 0.000425720209023
18.165282011 1480 8.12414455414 0.00157680513803
18.268802166 1500 5.31563425064 0.0156348701566
18.193103075 1520 11.4663248062 0.00455641746521
17.9138140678 1540 9.49123954773 0.0453535541892
18.1469089985 1560 7.89180183411 0.00133275985718
18.3775770664 1580 8.25930595398 0.298116266727
17.7182219028 1600 4.90635919571 0.0204169265926
19.8826589584 1620 7.89138555527 0.380059540272
18.2088229656 1640 7.8010058403 0.0210050586611
17.9581151009 1660 5.67988920212 0.00109834666364
18.2666480541 1680 8.83623218536 0.428520590067
18.1770949364 1700 6.454454422 0.00396671285853
18.0878989697 1720 2.42413473129 4.35829169874e-05
18.246297121 1740 8.60264492035 0.448901832104
18.2351520061 1760 4.48500442505 0.00106887822039
18.3071949482 1780 8.64078807831 0.0291115287691
18.4010548592 1800 7.33706331253 0.00527067203075
20.1006901264 1820 8.54448699951 0.000258922576904
18.1072440147 1840 5.52657413483 0.000158119204571
18.19145298 1860 7.41090536118 0.00113744731061
18.2865478992 1880 7.84931325912 0.00961780548096
18.0895690918 1900 8.04678153992 0.000330734241288
18.1901869774 1920 4.63845062256 0.00101022724994
18.2661969662 1940 4.17141628265 0.00181941990741
18.0367019176 1960 8.55051994324 0.267805933952
18.3495900631 1980 6.29886817932 0.433700859547
17.8846261501 2000 7.74647283554 0.00993480719626
20.0010290146 2020 7.83395242691 0.0659049004316
18.345760107 2040 7.76650285721 0.00313291558996
18.2625689507 2060 7.76189899445 0.000257587438682
18.1699428558 2080 11.1058559418 6.88552827341e-05
18.4059591293 2100 6.88395404816 6.63757309667e-05
18.1774199009 2120 5.83328294754 1.52290415764
17.9513988495 2140 8.51933860779 1.86920169654e-05
18.248431921 2160 6.07850837708 0.556359469891
18.1748049259 2180 6.66908550262 0.000249242788414
17.9151389599 2200 5.99464702606 4.47273268946e-05
20.0507481098 2220 5.65672636032 0.0253323558718
18.1915948391 2240 5.77589654922 0.000968170177657
18.0522229671 2260 2.74054145813 0.0184687618166
18.1638250351 2280 6.13607978821 0.000172519678017
18.2419610023 2300 4.46324396133 0.496776014566
18.1046280861 2320 5.26388406754 1.71341192722
18.2056610584 2340 7.92907238007 0.0295390132815
18.203895092 2360 7.19579648972 0.000540542590898
18.0727119446 2380 5.45544672012 0.0008892059559
18.2149560452 2400 7.64506292343 0.251291275024
19.9816479683 2420 3.26586771011 0.000207138058613
18.0479588509 2440 6.82981157303 0.0852793902159
18.287101984 2460 4.87983226776 0.588012397289
18.3236808777 2480 3.08935379982 0.004563331604
18.1131749153 2500 4.40015602112 0.000109386441181
18.3509030342 2520 4.44925689697 0.000164699551533
18.3096950054 2540 5.39177274704 0.0802987590432
18.0313611031 2560 7.57392311096 0.0049188612029
18.2672400475 2580 4.97934246063 0.0332611575723
18.2198750973 2600 3.94500732422 0.00775380153209
20.1286609173 2620 7.31722784042 0.730166614056
17.9906349182 2640 1.04826891422 0.000136947637657
18.0923521519 2660 3.31847763062 0.0647981390357
17.9094259739 2680 4.49157953262 1.8405913579e-05
18.399515152 2700 4.01036500931 0.000369739544112
18.2519030571 2720 3.99437713623 0.00265035638586
18.1603739262 2740 4.63178539276 0.869421124458
18.3951010704 2760 5.09732437134 0.193278551102
18.2672431469 2780 1.55315065384 0.399806439877
16.9659171104 20 148.674499512 2.06774377823
16.6613321304 40 94.3678894043 2.12592768669
16.3459649086 60 78.2055664062 1.28911042213
16.1875560284 80 75.4264144897 1.44882524014
16.3434371948 100 68.6374053955 1.2725045681
16.7464418411 120 57.1870803833 1.83750081062
16.3574068546 140 56.3575363159 1.33045804501
16.4205131531 160 47.6945343018 1.49848437309
16.8394649029 180 46.6887435913 1.5269421339
16.4265329838 200 41.0713119507 0.584400594234
18.5600349903 220 64.5562438965 0.640484690666
16.6137869358 240 46.8042678833 0.738479852676
16.4554538727 260 43.4675140381 0.786359190941
16.6994481087 280 20.6001377106 0.761693537235
16.5287070274 300 25.7396354675 1.44710385799
16.4754319191 320 40.5761184692 0.0503855235875
16.8351399899 340 27.0497016907 0.0633561164141
16.6079390049 360 34.593421936 0.0586394295096
16.4693169594 380 28.2571773529 1.15852856636
16.3377301693 400 22.1902256012 1.59061789513
18.7350609303 420 24.3209877014 0.113855883479
16.7395410538 440 26.2033462524 0.04674763605
16.5069210529 460 23.1919212341 0.0509673133492
16.4458918571 480 25.7510948181 3.93162083626
16.6878399849 500 12.6815986633 0.336977571249
16.7513759136 520 29.9099235535 0.177199319005
16.5170171261 540 13.670085907 1.10381650925
16.4937489033 560 15.7803697586 0.171063989401
16.7041499615 580 20.1074295044 0.320955753326
16.6774690151 600 18.3089084625 0.00429062824696
18.5825641155 620 21.8504314423 0.0808085948229
16.6196920872 640 17.323972702 0.173165127635
16.5875029564 660 17.5432014465 0.01018419303
16.9295580387 680 11.1847705841 0.00345268240198
16.847880125 700 16.3894805908 0.00199031829834
16.7535150051 720 13.1970357895 1.55481266975
16.6362988949 740 11.6751403809 0.429714381695
16.5521709919 760 12.9056720734 0.273539721966
16.820884943 780 12.8857746124 0.0547183975577
16.420552969 800 15.3235359192 0.00499224662781
18.2754848003 820 9.23340034485 0.007670736406
16.8236899376 840 9.51610565186 0.0100693702698
16.423279047 860 9.32090568542 0.247043997049
16.4825570583 880 11.5368232727 0.811006367207
16.7064990997 900 14.1590671539 0.00595779437572
16.5587499142 920 7.54782438278 0.00648679723963
16.5633561611 940 12.6956043243 0.0913413017988
16.723459959 960 10.1261425018 0.0895545035601
16.4136190414 980 9.53555297852 1.06325423717
16.6623339653 1000 6.72263669968 0.00780782708898
18.5226588249 1020 12.9649190903 0.00193452835083
16.4146869183 1040 9.44830131531 0.0694573372602
16.7338829041 1060 10.2634887695 0.161713317037
16.6769258976 1080 11.0970077515 0.20567330718
16.6491260529 1100 12.8112068176 0.643085241318
17.0111579895 1120 12.7719221115 0.613131999969
16.6449401379 1140 9.85818958282 0.493313610554
16.5446310043 1160 9.36113739014 0.0133554460481
16.6776781082 1180 10.1191749573 0.6038813591
16.4759809971 1200 11.0364589691 0.019542073831
18.676831007 1220 4.66061401367 0.325773477554
16.6745560169 1240 11.524641037 0.000251293182373
16.5291597843 1260 8.9075460434 0.122750140727
16.798511982 1280 8.57548427582 0.00291166314855
16.6261761189 1300 6.93058300018 0.0080333231017
16.4515948296 1320 3.89655208588 0.00294723501429
16.8381378651 1340 6.54985809326 0.00352439889684
16.6646068096 1360 9.50173187256 0.0293587688357
16.5915989876 1380 1.35198485851 1.39495575428
16.2261600494 1400 8.80288124084 0.000239753717324
18.5245299339 1420 4.58430767059 0.00505056371912
16.6314651966 1440 12.1277151108 0.0384340770543
16.6482918262 1460 8.45959186554 0.0018208026886
16.6831099987 1480 12.7639436722 0.00115995411761
16.7469909191 1500 4.95572090149 0.00586357107386
16.6976211071 1520 10.5978565216 0.0148116592318
16.9254329205 1540 9.70360660553 0.0114327911288
16.6671850681 1560 8.54795265198 0.000344562518876
16.6439800262 1580 8.42003536224 0.0222374442965
16.4355609417 1600 12.4481048584 0.00948061980307
18.7170372009 1620 4.85261249542 0.00777702312917
16.711288929 1640 7.01807165146 0.00479669589549
16.680355072 1660 8.24979305267 0.0518108382821
16.6138660908 1680 8.10256195068 0.0397941581905
16.914317131 1700 9.45659160614 0.000335025775712
17.0278098583 1720 7.64297580719 0.349672734737
16.8154950142 1740 5.31959056854 0.028261994943
16.6792500019 1760 7.25871133804 0.859236836433
16.754379034 1780 7.30271816254 0.0906264334917
16.842539072 1800 7.13185930252 0.0152236940339
18.546421051 1820 6.90072059631 0.326391816139
16.8445668221 1840 8.62652492523 0.106162503362
16.9052789211 1860 9.07319450378 0.100841522217
16.7833001614 1880 6.32228469849 0.0140372272581
16.8823668957 1900 5.93082618713 0.257932424545
16.6540179253 1920 7.66496562958 0.216230675578
16.7689859867 1940 10.8427734375 9.35554489843e-05
16.7167241573 1960 6.93800354004 0.0168455131352
16.7680609226 1980 8.37888526917 0.00104866025504
16.4560611248 2000 8.72686672211 0.0100237373263
18.8823049068 2020 8.34812068939 0.0137610435486
16.5714550018 2040 7.80341100693 0.0210022926331
16.6513259411 2060 6.46002626419 0.00214385986328
16.5589058399 2080 7.08379554749 0.0119949337095
16.5507760048 2100 6.29262065887 0.0892844200134
16.6305589676 2120 10.1825151443 0.000350666057784
16.7496089935 2140 6.40458488464 0.144143015146
16.6065840721 2160 9.88589572906 0.00332317361608
16.6800341606 2180 7.58182191849 0.00385837559588
16.5260679722 2200 7.35692501068 0.0403366088867
18.551584959 2220 6.30551481247 0.0838539004326
16.5897269249 2240 4.78343439102 0.032957457006
16.5343940258 2260 5.01995420456 0.686255812645
16.5888881683 2280 10.307352066 0.177535891533
16.4858279228 2300 8.06471443176 0.00044116974459
16.4766631126 2320 11.8071203232 0.00511450786144
16.694849968 2340 4.52607965469 0.404000937939
16.6173570156 2360 6.70812129974 0.00207357411273
16.941587925 2380 3.67395210266 0.000270557415206
16.5985920429 2400 5.68167877197 0.00247149472125
18.7399530411 2420 12.7408971786 0.0999438762665
16.6383459568 2440 11.2485895157 0.0526382923126
16.8791568279 2460 6.06638336182 1.54549765587
16.5781838894 2480 6.99457979202 0.000282049179077
16.5074310303 2500 6.9002122879 2.56568217278
16.5489997864 2520 4.35208797455 0.000502586364746
16.6752989292 2540 9.33019828796 2.85148616967e-05
16.6024439335 2560 4.64051532745 0.00927381496876
16.8953838348 2580 2.29667282104 0.00165996549185
17.1220281124 2600 6.65020704269 0.0963213443756
18.0425429344 2620 8.13617324829 0.00215463642962
16.597525835 2640 5.68766498566 0.00334436888807
16.5502369404 2660 7.11308670044 0.0302172191441
16.9638690948 2680 7.08349323273 0.0265952590853
16.3054029942 2700 4.81932830811 0.019761133939
16.6223239899 2720 6.05831718445 0.000435256952187
16.5642931461 2740 9.71408939362 0.000712823879439
16.6657540798 2760 1.91011810303 0.0130989551544
16.577039957 2780 5.25036144257 0.0277256015688
16.5059010983 2800 9.17656421661 2.23501396179
18.4527580738 2820 9.00704097748 0.000593519187532
16.5992510319 2840 7.96126890182 0.0208580978215
16.6008241177 2860 6.3763551712 0.00762128829956
16.4838469028 2880 8.62335395813 9.03129548533e-05
16.7680490017 2900 5.76823997498 0.0116528030485
16.5957980156 2920 3.68911027908 0.160585790873
16.6941299438 2940 6.77120828629 0.035115621984
16.5276010036 2960 9.55683994293 0.00109167094342
16.5192639828 2980 1.83960866928 0.000598049140535
16.6448428631 3000 3.84015154839 0.00314059248194
18.4775469303 3020 9.04086494446 0.0030525685288
16.611964941 3040 6.72823524475 0.000601100909989
16.6157138348 3060 8.32574748993 0.0160242561251
16.71094203 3080 5.25188207626 0.148105859756
16.6250247955 3100 8.2550611496 0.000404262536904
16.7653338909 3120 4.62756681442 0.000755691551603
16.6484761238 3140 7.52358341217 0.000306129455566
16.6442730427 3160 6.90296173096 0.000280380249023
16.4919681549 3180 6.70903301239 0.000378894794267
16.5998899937 3200 7.34802722931 0.0238698236644
18.788695097 3220 8.7536649704 0.000224018091103
16.9460361004 3240 4.20492887497 0.0601367466152
16.8184649944 3260 7.40952730179 0.000144577032188
17.0146980286 3280 8.33343029022 0.00785803794861
16.6285941601 3300 4.65846824646 0.439695447683
16.7362370491 3320 1.696352005 0.000378513330361
16.6827340126 3340 1.5433806181 0.425846666098
16.7607901096 3360 4.5404343605 0.00071806908818
16.767688036 3380 4.01909351349 0.0966826453805
16.6269769669 3400 8.09592437744 0.0527609363198
18.5319290161 3420 2.4172642231 0.700453937054
17.0608489513 3440 6.43436479568 0.0535165295005
16.2505710125 3460 9.04408454895 0.0038368224632
16.6191408634 3480 4.84007263184 0.017473269254
17.2522599697 3500 8.87606525421 0.363217711449
16.1033210754 3520 5.44596672058 6.09397902736e-05
16.6417810917 3540 5.89426136017 0.544814705849
16.5541689396 3560 2.66618204117 0.804113507271
16.614716053 3580 9.29662513733 0.000251626974205
16.4590058327 3600 3.21438455582 4.29153442383e-05
18.5934591293 3620 5.03954124451 0.0020057677757
16.822024107 3640 4.03175258636 0.0174764152616
16.6025080681 3660 6.12692070007 2.55707240105
16.6557269096 3680 8.66224002838 0.000257301318925
16.5325751305 3700 7.55066013336 9.25064068724e-06
16.5953140259 3720 7.50431728363 0.000237464904785
16.6354720592 3740 5.28225183487 3.34739670507e-05
16.6332631111 3760 5.18216657639 0.00134735112078
16.6861159801 3780 6.58390903473 0.000820875167847
16.6457262039 3800 7.39404678345 0.548493266106
18.4924528599 3820 7.59015369415 1.26145529747
16.7181010246 3840 7.13366508484 8.50677461131e-05
16.4687819481 3860 7.43489313126 0.000372028356651
16.8004341125 3880 8.48740577698 0.000903892505448
16.7064828873 3900 8.60519123077 0.00724315643311
16.5198299885 3920 5.91707515717 0.00220546731725
16.7640218735 3940 6.27187538147 8.58306862028e-07
16.7659258842 3960 6.13671255112 5.14984139954e-06
16.2152941227 3980 9.45508670807 0.000824308372103
16.7466449738 4000 3.68741321564 0.0471340194345
18.4478499889 4020 10.2461261749 1.42097469507e-05
16.6233210564 4040 4.61096668243 0.531865119934
16.8625831604 4060 7.3879776001 3.79562370654e-05
16.769534111 4080 6.78833341599 0.00089678762015
16.5175039768 4100 7.50656890869 0.000505208969116
16.8334879875 4120 4.73495483398 0.00137860770337
16.6043879986 4140 5.54113721848 0.00478410720825
16.6227869987 4160 2.96351408958 5.65528862353e-05
16.7507798672 4180 4.86247253418 0.508169531822
16.5589938164 4200 -3.36166906357 0.450641542673
18.5732600689 4220 8.00195503235 1.20479929447
16.5344920158 4240 4.08740091324 0.415656268597
16.6076228619 4260 6.68620967865 2.86102306291e-07
16.6911180019 4280 5.50649833679 0.319878518581
16.4073860645 4300 6.42045068741 1.11579893201e-05
16.6394751072 4320 7.96914052963 1.65939327417e-05
16.6839001179 4340 7.66848516464 6.64710969431e-05
16.5346179008 4360 5.83537101746 0.000517940497957
16.3573598862 4380 4.07589197159 0.00837011355907
16.5145070553 4400 6.97287893295 0.0131073836237
18.5710661411 4420 2.42652821541 0.00477237720042
16.5307950974 4440 8.85468006134 0.00255074491724
16.7090370655 4460 4.38958454132 0.000207996374229
16.5443069935 4480 7.81412220001 0.000123500823975
16.5491631031 4500 7.77477693558 7.16209397069e-05
16.7021789551 4520 5.55437707901 2.57492069977e-06
16.5480790138 4540 7.40536403656 0.16662581265
16.6354050636 4560 11.6012897491 2.68936164503e-05
16.6351721287 4580 5.89085388184 0.190664097667
16.669080019 4600 6.40410041809 0.00404911022633
18.4720699787 4620 7.23649597168 2.62260437012e-05
16.668738842 4640 5.94228792191 0.00485992431641
16.6828708649 4660 6.97681713104 0.202747106552
16.7431540489 4680 4.32042264938 4.91142282044e-06
16.5807631016 4700 1.08062672615 0.000694751739502
16.4560551643 4720 3.51259899139 0.00220293994062
16.6479139328 4740 7.45743370056 0.0143776182085
16.6744229794 4760 2.88165855408 1.66893005371e-06
16.5046470165 4780 3.93105769157 5.27381889697e-05
16.7142019272 4800 2.83256649971 0.0199420452118
18.5806751251 4820 2.78725266457 0.0449033752084
16.7297689915 4840 6.10083389282 6.09874732618e-05
16.5109839439 4860 2.91004085541 0.00494818668813
16.7032079697 4880 7.18306922913 0.00101232528687
16.7728369236 4900 3.93325328827 0.00010175704665
16.6097710133 4920 11.1568727493 0.000173735621502
16.5869328976 4940 9.53326416016 2.25543972192e-05
16.5871369839 4960 4.6046538353 0.068774715066
16.5697848797 4980 4.21192836761 0.000137615206768
16.4237551689 5000 6.02251386642 4.97341170558e-05
18.3896889687 5020 8.11293983459 1.1467933291e-05
16.545427084 5040 6.83594369888 1.43051147461e-06
16.8058960438 5060 5.49488830566 0.0535994395614
16.6521661282 5080 7.56173038483 0.00047643185826
16.6004059315 5100 6.11184835434 1.97887420654e-05
16.5000150204 5120 7.21598052979 2.19345088226e-06
16.7480881214 5140 6.36143016815 0.0109139885753
16.5188601017 5160 6.05673503876 0.00355043401942
16.4544579983 5180 10.2430019379 0.487950325012
16.6979589462 5200 9.4403295517 0.00812879763544
18.5203118324 5220 6.16273832321 0.666036963463
16.6052980423 5240 4.37037563324 0.022437537089
16.6503829956 5260 4.17118644714 1.67846683325e-05
16.4779589176 5280 12.0452871323 5.66482558497e-05
16.8015670776 5300 9.29373264313 0.000140571588418
16.6715390682 5320 2.61592793465 0.00892536621541
16.6059310436 5340 2.84872245789 0.000436341768363
16.6089038849 5360 5.93701219559 1.56402584253e-05
16.6012408733 5380 9.22005367279 0.0006969794631
16.6857111454 5400 7.67330312729 1.90734863281e-06
18.7532439232 5420 7.50155591965 0.00212914356962
16.5965600014 5440 6.13502216339 0.00792841892689
16.6670060158 5460 5.19134521484 0.0367858894169
16.5880270004 5480 4.13193225861 0.0284554027021
16.5368990898 5500 7.43340921402 1.20401382446e-05
16.5965878963 5520 5.58165836334 5.77092177991e-05
16.5542809963 5540 11.346446991 0.013431429863
16.4055709839 5560 4.37563896179 0.199134528637
16.3849380016 5580 1.25687992573 3.45945372828e-05
16.5753388405 5600 6.5833158493 0.000243473055889
18.5537230968 5620 4.51602172852 0.000200605398277
16.5165920258 5640 5.94135856628 5.30481338501e-06
16.6623871326 5660 3.39868688583 0.000228524208069
16.6147549152 5680 5.74086141586 2.57730480371e-05
16.7612211704 5700 4.82856941223 1.22332155704
16.5894970894 5720 2.48073744774 0.0328135490417
16.6045329571 5740 5.65484523773 0.0
16.8057739735 5760 11.8638658524 3.11374678859e-05
16.419782877 5780 4.34893512726 0.143546193838
16.4252929688 5800 4.2852191925 6.43253297312e-05
18.5540518761 5820 6.22338485718 0.013768851757
16.66908288 5840 6.70092821121 1.21140170097
16.6455790997 5860 6.74383544922 0.0227651000023
16.5943319798 5880 5.64102888107 0.617636084557
16.7079889774 5900 7.18719005585 1.23977656585e-06
16.6542057991 5920 4.96848297119 6.43968596705e-05
16.5952968597 5940 3.67185306549 0.00078933237819
16.4785151482 5960 6.91676902771 0.0342350825667
16.5303940773 5980 5.96002578735 0.38382679224
17.0794579983 6000 5.13276004791 0.000416874885559
18.6418540478 6020 4.8729429245 7.18787341611e-05
16.7375860214 6040 9.80262184143 0.166806697845
16.4967081547 6060 5.36891841888 0.0276614539325
16.6746940613 6080 4.71989870071 1.69754021044e-05
16.4229989052 6100 4.8462562561 9.64880018728e-05
16.5631639957 6120 8.58853721619 0.0435260646045
16.7337670326 6140 6.00329971313 0.0
16.4541819096 6160 13.5562477112 5.31673431396e-05
16.471861124 6180 4.58972358704 3.95536408178e-05
16.5982711315 6200 7.62443399429 0.000945711159147
18.5142240524 6220 7.0867638588 0.00447385013103
16.6146519184 6240 5.57530593872 2.45239305496
16.5318510532 6260 3.46637296677 3.60978937149
16.6110830307 6280 9.04161453247 6.84261340211e-06
16.9106471539 6300 4.39895439148 0.0992882624269
16.4928660393 6320 5.65870857239 6.85691848048e-05
16.4002590179 6340 6.54142951965 3.1590461731e-05
16.5442540646 6360 8.20527362823 8.38816195028e-05
16.5275280476 6380 8.39492607117 1.23977656585e-06
16.6647279263 6400 0.337386071682 0.000171732899616
18.5868020058 6420 7.40220832825 0.000272762787063
16.650537014 6440 8.254945755 0.00180464389268
16.689332962 6460 9.69099235535 0.00163522956427
16.8335020542 6480 8.96626567841 0.00021287202253
16.5979151726 6500 6.3807926178 4.41074371338e-06
16.7874088287 6520 8.0613079071 0.00761297950521
16.7270689011 6540 10.2492103577 2.33650212067e-06
16.5952019691 6560 6.91004419327 1.19209289551e-07
16.4198269844 6580 4.87350749969 0.000806748867035
16.8039319515 6600 8.53542804718 0.000145435333252
18.3992760181 6620 9.08214664459 1.41859050018e-06
16.2883658409 6640 2.05713200569 3.85045996154e-06
16.5381278992 6660 5.92979001999 0.288134872913
16.5673601627 6680 4.61559963226 0.00623458763584
16.6258730888 6700 0.215769290924 0.0218988656998
16.6226439476 6720 6.43552732468 0.000185450917343
16.4616100788 6740 6.3000125885 4.27961367677e-06
16.4735150337 6760 3.48424243927 0.000562064349651
16.3850109577 6780 5.13075351715 0.0605138242245
16.4824800491 6800 4.90912914276 0.0733410492539
18.4754509926 6820 3.9179418087 3.35931763402e-05
16.5778758526 6840 5.70353031158 8.47578030516e-06
16.4493188858 6860 4.3573217392 6.79492927702e-07
16.5068540573 6880 4.39558267593 0.00123781559523
16.6023199558 6900 6.22457790375 0.000547355390154
16.5802090168 6920 8.69239997864 0.0976847186685
16.5401208401 6940 3.5935986042 7.77244531491e-06
16.7238309383 6960 8.34663486481 0.000383496284485
16.6989810467 6980 4.1505522728 8.34465026855e-07
16.5113680363 7000 6.71185874939 1.79529197339e-05
18.4588871002 7020 -0.933354139328 0.00251526827924
16.7196528912 7040 6.95066261292 0.00060611666413
16.7135708332 7060 5.26545715332 5.65052050661e-06
16.5584490299 7080 6.14212799072 0.000313198572258
16.7719388008 7100 6.02933549881 0.000265574461082
16.8355998993 7120 6.68929338455 0.000924539577682
16.7533950806 7140 6.96773052216 0.131410598755
16.6066839695 7160 1.69605135918 8.04185838206e-05
16.461400032 7180 3.27825164795 4.66108303954e-06
16.6948928833 7200 6.85374212265 4.8875807579e-07
18.5034611225 7220 3.44166064262 1.32322315949e-06
16.7864339352 7240 6.46193122864 0.00486969947815
16.8193080425 7260 6.00995731354 3.02791590912e-06
16.7009620667 7280 10.3331699371 1.70590817928
16.6648309231 7300 3.11730194092 0.498485267162
16.6063709259 7320 -0.208352565765 0.0102702621371
16.5174458027 7340 4.13170862198 0.000278353691101
16.5744140148 7360 7.72805070877 6.2108038037e-06
16.5411529541 7380 5.04088783264 2.14576721191e-06
16.6656451225 7400 6.3491601944 7.08103198122e-06
18.5469059944 7420 2.88103508949 0.0
16.588750124 7440 2.20758509636 1.18732450574e-05
16.5717039108 7460 6.50595188141 0.000496506690979
16.6363480091 7480 3.18546438217 0.000379979610443
16.7562069893 7500 2.2818031311 1.90734866123e-07
16.7286229134 7520 4.18702697754 0.000800585723482
16.6562759876 7540 1.98133182526 0.000757193542086
16.5290739536 7560 8.30612373352 0.0285524614155
16.3535151482 7580 6.25261688232 0.000118660929729
16.4862430096 7600 1.92063903809 5.48243515368e-05
18.4153091908 7620 4.61921215057 7.05719003236e-06
16.5156848431 7640 7.67019510269 0.000135684007546
16.6158800125 7660 7.17223310471 6.91413879395e-06
16.4515640736 7680 7.36611843109 7.51018546907e-07
16.5832660198 7700 6.29959726334 0.164948791265
16.4070899487 7720 5.261926651 0.0
16.5597920418 7740 8.26935386658 0.00354943284765
16.5513060093 7760 4.72134160995 1.97410590772e-05
16.6285829544 7780 6.66018676758 1.33991243274e-05
16.6199638844 7800 4.7518658638 1.02519993561e-06
18.4834389687 7820 3.93181395531 0.0475286543369
16.6814069748 7840 7.2568936348 0.000122892859508
16.5665040016 7860 6.89514732361 4.76837165309e-08
16.5861501694 7880 7.33760976791 4.76837165309e-08
16.5468890667 7900 6.88846302032 0.00156271457672
16.7997009754 7920 6.15435028076 6.28292546025e-05
16.6766810417 7940 6.8031167984 1.31130221348e-07
16.22281003 7960 0.625640392303 0.450905501842
16.6781759262 7980 2.86690688133 4.29153431014e-07
16.7218208313 8000 8.46836471558 5.1617621466e-06
18.6877458096 8020 -1.42485451698 0.00031591654988
16.66086483 8040 4.47915458679 5.72204612581e-07
16.5269629955 8060 4.8699669838 0.0053043961525
16.6682620049 8080 5.65985441208 0.072476580739
16.495251894 8100 9.06422996521 6.48498535156e-05
16.6095921993 8120 4.12686109543 0.000296902668197
16.5393998623 8140 5.34436750412 0.000583732151426
16.7538480759 8160 5.40317964554 1.43051153145e-07
16.6255340576 8180 7.08740377426 2.38418582654e-08
16.5703477859 8200 6.92226362228 3.62277023669e-05
18.4628138542 8220 2.07519721985 0.000111752749945
16.5850110054 8240 8.03482055664 0.000734729517717
16.5716888905 8260 2.57735228539 0.000173652166268
16.5051510334 8280 4.70767498016 0.000150144100189
16.7093398571 8300 2.19605922699 1.15156171887e-05
16.6897408962 8320 4.47691679001 0.186573550105
16.6374430656 8340 6.24916887283 7.32779517421e-05
16.403345108 8360 6.8779668808 1.50799751282e-05
16.540774107 8380 6.88457393646 0.0236534122378
16.4401180744 8400 5.55018806458 0.00781177263707
18.3478229046 8420 5.57432794571 0.374746501446
16.5066988468 8440 8.34016227722 5.96046447754e-07
16.5698800087 8460 7.09757709503 4.76837158203e-07
16.7894089222 8480 3.28359055519 0.000957246113103
16.719769001 8500 5.56369256973 0.000314950942993
16.5170109272 8520 5.16405916214 1.31130218506e-06
16.4775791168 8540 8.45373725891 0.00106124882586
16.6236450672 8560 2.30159854889 0.00208396906964
16.8167788982 8580 2.86111211777 3.09944141463e-07
16.6992561817 8600 5.24115562439 2.88009650831e-05
18.5781469345 8620 2.94021511078 0.000474277883768
20.5298240185 20 113.404747009 2.184923172
17.3394618034 40 106.933654785 2.42612147331
17.3292219639 60 85.6343383789 1.9897069931
17.416877985 80 63.8204345703 2.52171444893
17.3818049431 100 70.4103393555 2.34583568573
17.264647007 120 57.8213272095 3.1399140358
17.7004299164 140 35.6755638123 1.41790258884
17.6471750736 160 46.8205184937 2.0747256279
17.2810330391 180 44.1097717285 2.26045799255
17.0336151123 200 46.0872039795 1.65058779716
17.0200238228 20 102.265342712 2.73947072029
16.3563551903 40 99.0030593872 3.05907583237
16.4453589916 60 96.3402404785 2.33530092239
16.3310050964 80 75.9856109619 1.92877519131
23.1476268768 100 67.6509246826 1.34077298641
32.1830821037 120 60.4166030884 1.39759027958
32.5211880207 140 63.4917793274 1.80251097679
32.3209760189 160 61.506313324 0.977360546589
32.5013852119 180 63.0200767517 1.0194696188
32.4421238899 200 63.2950782776 0.506984114647
35.8123788834 220 44.5203170776 0.499095201492
32.5284781456 240 38.457485199 0.421492487192
32.344907999 260 54.2436676025 0.721568405628
32.7248771191 280 41.8831710815 0.397540479898
26.042263031 300 34.9904403687 0.0676805526018
16.4477958679 320 39.8703842163 0.206112667918
16.6868269444 340 43.8102111816 0.6001496315
16.5188319683 360 40.3682632446 0.458210468292
16.5797929764 380 35.5733909607 0.111320212483
16.5792920589 400 15.4573068619 0.00296649942175
18.2726340294 420 30.5327224731 0.0226044170558
16.6857500076 440 28.5076713562 0.00183305738028
16.5599489212 460 24.3942470551 0.0104646682739
16.5728099346 480 22.9985809326 0.0238728523254
16.5559520721 500 17.8765583038 0.00318174366839
16.8553760052 520 19.9085159302 0.207594394684
16.6195430756 540 16.3926563263 0.737455546856
16.5509159565 560 10.2826185226 0.0113404272124
16.7127101421 580 14.5080833435 1.05882334709
16.6490619183 600 17.4428958893 0.474858224392
18.5517559052 620 13.4499073029 0.0244835373014
16.616615057 640 17.0888366699 0.963431715965
16.7081239223 660 17.1589794159 0.457405090332
16.8045079708 680 12.6523647308 1.30724310875
16.5919959545 700 12.9762849808 0.295738786459
16.5601820946 720 16.2597351074 0.000956153846346
16.6717779636 740 8.1767244339 0.210084483027
16.5937540531 760 14.1612825394 0.012568664737
16.6449069977 780 14.4706554413 0.000155162808369
16.6252429485 800 11.688158989 0.145710945129
18.5968809128 820 10.2515935898 0.0541866309941
16.6268529892 840 11.7081317902 0.109566643834
16.4589169025 860 13.3662195206 0.00273914332502
16.562142849 880 12.4774990082 0.437027305365
16.6804261208 900 7.64911270142 0.00944948196411
16.6529610157 920 7.58357524872 0.00208892812952
16.6863911152 940 8.37474346161 0.0209829807281
16.986438036 960 9.24277496338 0.0160407535732
16.6173660755 980 8.98407363892 0.0325075164437
16.5414750576 1000 10.9348268509 0.00923147238791
18.5700130463 1020 6.8271446228 0.0351597778499
16.527659893 1040 13.5484466553 0.000288963317871
16.7288827896 1060 12.2950820923 0.000988388084807
16.7123599052 1080 6.73241090775 0.0200679302216
16.5590531826 1100 10.2939891815 0.0178971290588
16.5958440304 1120 9.57235050201 0.000157260888955
16.55093503 1140 9.4758682251 0.426563739777
16.5709719658 1160 6.92898082733 1.29607009888
16.8718791008 1180 5.44866323471 1.31333374977
16.5098540783 1200 9.33412456512 0.0274641513824
18.643862009 1220 7.62415313721 0.0187959671021
16.6343691349 1240 10.0816612244 8.79287690623e-05
16.610658884 1260 10.552901268 0.233721256256
16.828881979 1280 10.6307229996 0.00557661056519
16.7168638706 1300 13.1428003311 0.0727600082755
16.6189861298 1320 6.75260353088 0.531502664089
16.5887238979 1340 12.6943683624 0.00345726008527
16.6045191288 1360 14.2913398743 0.00107145309448
16.5780100822 1380 9.02674198151 0.156443879008
16.6773281097 1400 10.3675460815 0.000679588294588
18.4025259018 1420 7.33144378662 3.34739670507e-05
16.7399339676 1440 6.80617046356 0.000686645507812
16.5764429569 1460 8.84736251831 0.114790394902
16.628344059 1480 3.3845102787 0.212188526988
16.6701219082 1500 4.0335650444 0.0101382257417
16.6878259182 1520 6.43349552155 0.000615882861894
16.5784380436 1540 12.6352539062 0.0485363975167
16.7828021049 1560 3.39161252975 0.0906141251326
16.4672598839 1580 6.72691345215 0.219939038157
16.2526378632 1600 11.7308015823 0.000494289386552
18.4282991886 1620 9.98189735413 0.000477027904708
16.5871169567 1640 10.3382730484 0.000272178644082
16.641782999 1660 8.00560188293 0.000123405450722
16.5366330147 1680 11.2908763885 0.0338114276528
16.6014969349 1700 11.2763233185 0.728942036629
16.8089339733 1720 9.46906757355 8.23974623927e-05
16.5197861195 1740 7.90863323212 0.0118189807981
16.5020489693 1760 6.23131227493 0.0294203273952
16.5776789188 1780 6.44375562668 0.062258053571
16.6386539936 1800 6.58261966705 0.469273626804
18.3038921356 1820 8.14030075073 0.181035518646
16.5994920731 1840 4.96050834656 0.0015768527519
16.5539939404 1860 5.24803256989 0.000490474689286
16.5638258457 1880 7.1863822937 9.34600830078e-05
16.7859420776 1900 6.8222990036 0.0512062087655
16.6261739731 1920 6.5256652832 1.50512099266
16.4780349731 1940 8.52450752258 0.00034761428833
16.547524929 1960 4.43989086151 0.00870504416525
16.5371189117 1980 5.76811027527 2.59399421338e-05
16.2734949589 2000 8.58125400543 0.0699384659529
18.569576025 2020 11.6579313278 0.964605152607
16.6555769444 2040 9.4353761673 1.24931339087e-05
16.6605951786 2060 7.38915586472 7.35282883397e-05
16.695294857 2080 8.3565788269 0.000201320654014
16.5206398964 2100 5.70528411865 0.000258636486251
16.4802610874 2120 11.6426229477 0.00145864486694
16.6932370663 2140 7.52163219452 0.000355577474693
16.6733701229 2160 8.7840461731 0.000269412994385
16.6820249557 2180 6.70352172852 7.48634338379e-05
16.6853020191 2200 9.69222545624 0.000595903373323
18.4048790932 2220 8.65402603149 0.000216102605918
16.9080131054 2240 10.0575733185 0.284381955862
16.5599069595 2260 10.709526062 0.000329399103066
16.3784239292 2280 7.50291109085 0.0474739074707
16.7946560383 2300 9.12678146362 0.000112724301289
16.494822979 2320 6.97923994064 0.502121329308
16.6350440979 2340 5.57577943802 0.00672473898157
16.6338088512 2360 5.31630706787 0.00170593266375
16.5257468224 2380 8.14202022552 6.19888305664e-06
16.2647719383 2400 4.64055585861 0.153453394771
18.53657794 2420 10.6306257248 0.000485706317704
16.6570110321 2440 8.80308818817 0.260617494583
16.9291059971 2460 9.24851417542 0.000368595123291
16.585999012 2480 11.8219242096 0.000453472137451
16.6763179302 2500 5.17605209351 0.500773906708
16.5600800514 2520 9.6572303772 8.51631193655e-05
16.7085340023 2540 11.5034408569 0.007271385286
16.7428078651 2560 3.29144239426 0.00668501853943
16.8406682014 2580 9.20819091797 0.000829887401778
16.7780778408 2600 6.71187543869 0.116846993566
18.5999639034 2620 11.9457969666 0.00335912709124
16.6094369888 2640 6.27859640121 0.000241756439209
16.4620070457 2660 6.77357149124 0.00173912046012
16.5426330566 2680 4.40370988846 0.578725397587
16.476568222 2700 4.70524597168 2.8133392334e-05
16.6218140125 2720 8.43062019348 0.00078697205754
16.7270989418 2740 2.29540610313 0.170840740204
16.5525779724 2760 4.2719836235 0.227843672037
16.442704916 2780 6.4872636795 0.230566501617
16.3629560471 2800 1.35256612301 7.20977768651e-05
18.7668411732 2820 5.70540046692 1.16348264783e-05
16.7900688648 2840 6.21368455887 4.30107102147e-05
16.7156808376 2860 1.71230816841 0.046505689621
16.6497108936 2880 5.81157302856 0.0155147556216
16.6839110851 2900 6.16900968552 0.000336647033691
16.5615990162 2920 7.95484733582 0.0881709605455
16.4555020332 2940 4.45601654053 0.00736217480153
16.5848040581 2960 6.09534215927 0.000257682811935
16.6849050522 2980 9.92156505585 0.000596427940764
16.5500540733 3000 4.90416288376 0.00804157275707
