37.2035009861 20 120.488502502 3.05782723427
35.7427170277 40 119.875610352 2.07847595215
35.250813961 60 88.3209686279 1.94800949097
34.2425091267 80 66.1512374878 1.52119588852
35.5883951187 100 58.3325500488 4.64463043213
35.7899649143 120 57.2578125 1.34313201904
35.7138488293 140 51.7855644226 1.86247897148
35.6800580025 160 40.7825965881 2.10115385056
35.7901749611 180 47.1057929993 0.680277526379
35.4376690388 200 45.0765953064 1.69556963444
37.7778089046 20 125.839584351 2.54158473015
35.7223610878 40 103.751113892 2.43151330948
35.273679018 60 78.0220489502 1.66871130466
35.522274971 80 65.2704162598 1.95313930511
35.5677709579 100 47.1105728149 3.62143087387
35.607530117 120 53.0433273315 1.7321857214
35.3573899269 140 45.6267318726 3.88559222221
35.6612529755 160 48.3654327393 0.796907782555
35.7731719017 180 64.4984893799 0.601227939129
35.4115841389 200 45.5935897827 3.40925550461
38.6826188564 20 111.624404907 2.56978940964
35.8046650887 40 106.253875732 2.58124828339
35.312664032 60 83.465385437 1.91747093201
34.0851831436 80 66.6383361816 1.65551733971
35.8507139683 100 57.8227615356 1.71388888359
35.2808170319 120 58.7464179993 2.81244969368
35.6030440331 140 56.6762008667 1.963793993
35.9768848419 160 60.9860458374 1.33766210079
35.1845259666 180 55.0651168823 1.05484902859
35.6463270187 200 44.6539916992 0.543015301228
37.2124190331 20 102.511322021 3.43971133232
36.1649770737 40 92.560546875 2.36553883553
35.5615520477 60 87.7787780762 3.41047739983
35.4648180008 80 60.3277893066 3.94853210449
35.630948782 100 69.6111297607 1.12691390514
33.9566318989 120 53.9711380005 1.65086138248
35.3640460968 140 54.8728485107 1.46604549885
35.5180411339 160 66.9535522461 0.801927685738
35.4889438152 180 51.2387161255 1.54555571079
35.4427919388 200 36.1317443848 0.563302397728
